[DASH_CAM]
POS=0.185577,0.943876,-0.264552
EXP=18
